14.1347251417
21.0220396388
25.0108575801
30.4248761259
32.9350615877
37.5861781588
40.9187190121
43.3270732809
48.0051508812
49.7738324777
52.9703214777
56.4462476971
59.3470440026
60.8317785246
65.1125440481
67.0798105295
69.5464017112
72.0671576745
75.7046906991
77.1448400689
79.3373750202
82.9103808541
84.7354929805
87.4252746131
88.8091112076
92.4918992706
94.6513440405
95.8706342282
98.8311942182
101.3178510057
103.7255380405
105.4466230523
107.1686111843
111.0295355432
111.8746591770
114.3202209155
116.2266803209
118.7907828660
121.3701250024
122.9468292936
124.2568185543
127.5166838796
129.5787042000
131.0876885309
133.4977372030
134.7565097534
138.1160420545
139.7362089521
141.1237074040
143.1118458076
146.0009824868
147.4227653426
150.0535204208
150.9252576122
153.0246938112
156.1129092942
157.5975918176
158.8499881714
161.1889641376
163.0307096872
165.5370691879
167.1844399782
169.0945154156
169.9119764794
173.4115365196
174.7541915234
176.4414342977
178.3774077761
179.9164840203
182.2070784844
184.8744678484
185.5987836777
187.2289225835
189.4161586560
192.0266563607
193.0797266038
195.2653966795
196.8764818410
198.0153096763
201.2647519437
202.4935945141
204.1896718031
205.3946972022
207.9062588878
209.5765097169
211.6908625954
213.3479193597
214.5470447835
216.1695385083
219.0675963490
220.7149188393
221.4307055547
224.0070002546
224.9833246696
227.4214442797
229.3374133055
231.2501887005
231.9872352532
233.6934041789
236.5242296658
237.7698204809
239.5554775733
241.0491577962
242.8232719342
244.0708984971
247.1369900749
248.1019900601
249.5736896447
251.0149477950
253.0699867480
255.3062564549
256.3807136944
258.6104394915
259.8744069897
260.8050845046
263.5738939049
265.5578518389
266.6149737815
267.9219150828
269.9704490240
271.4940556416
273.4596091884
275.5874926493
276.4520495031
278.2507435298
279.2292509277
282.4651147651
283.2111857332
284.8359639809
286.6674453630
287.9119205014
289.5798549292
291.8462913291
293.5584341394
294.9653696193
295.5732548790
297.9792770619
299.8403260537
301.6493254622
302.6967495896
304.8643713409
305.7289126020
307.2194961282
310.1094631467
311.1651415304
312.4278011806
313.9852857312
315.4756160895
317.7348059424
318.8531042563
321.1601343091
322.1445586725
323.4669695575
324.8628660517
327.4439012619
329.0330716805
329.9532397282
331.4744675827
333.6453785249
334.2113548332
336.8418504284
338.3399928508
339.8582167254
341.0422611110
342.0548775104
344.6617029403
346.3478705660
347.2726775844
349.3162608707
350.4084193492
351.8786490254
353.4889004887
356.0175749773
357.1513022520
357.9526851016
359.7437549531
361.2893616958
363.3313305790
364.7360241141
366.2127102883
367.9935754817
368.9684380957
370.0509192121
373.0619283721
373.8648739109
375.8259127667
376.3240922307
378.4366802500
379.8729753465
381.4844686172
383.4435294495
384.9561168149
385.8613008460
387.2228902224
388.8461283542
391.4560835636
392.2450833395
393.4277438444
395.5828700110
396.3818542226
397.9187362096
399.9851198762
401.8392286005
402.8619177639
404.2364418002
405.1343874599
407.5814603869
408.9472455024
410.5138691934
411.9722678043
413.2627360702
415.0188097552
415.4552149963
418.3877057895
419.8613648182
420.6438276250
422.0767100588
423.7165796275
425.0698824945
427.2088250841
428.1279140766
430.3287454309
431.3013069307
432.1386417346
433.8892184809
436.1610064326
437.5816981677
438.6217386563
439.9184422144
441.6831992012
442.9045463026
444.3193362776
446.8606226964
447.4417041945
449.1485456850
450.1269457803
451.4033084454
453.9867378067
454.9746837686
456.3284266892
457.9038930641
459.5134152811
460.0879444222
462.0653672749
464.0572869105
465.6715392114
466.5702869308
467.4390462103
469.5360045591
470.7736554781
472.7991746619
473.8352323451
475.6003393694
476.7690152375
478.0752637667
478.9421815346
481.8303393763
482.8347827910
483.8514272125
485.5391481294
486.5287182617
488.3805670900
489.6617615780
491.3988215937
493.3144415818
493.9579978054
495.3588288221
496.4296962158
498.5807824297
500.3090849417
501.6044469651
502.2762703271
504.4997733134
505.4152317422
506.4641527095
508.8007003365
510.2642279437
511.5622897004
512.6231445314
513.6689855555
515.4350571673
517.5896685725
518.2342231476
520.1063104117
521.5251934495
522.4566961777
523.9605308920
525.0773856873
527.9036416013
528.4062138523
529.8062263187
530.8669178840
532.6881830283
533.7796307538
535.6643140759
537.0697590831
538.4285261762
540.2131663762
540.6313902473
541.8474371212
544.3238901010
545.6368332489
547.0109120581
547.9316133645
549.4975675627
550.9700100395
552.0495722006
553.7649721192
555.7920205617
556.8994764069
557.5646591721
559.3162370287
560.2408074973
562.5592076160
564.1608791108
564.5060559381
566.6987876828
567.7317579012
568.9239551796
570.0511147825
572.4199841325
573.6146105268
575.0938860145
575.8072471409
577.0390034721
579.0988346720
580.1369593624
581.9465762659
583.2360882192
584.5617059035
585.9845632050
586.7427718913
588.1396632662
590.6603975168
591.7258580650
592.5713583002
593.9747146822
595.7281536974
596.3627683284
598.4930773462
599.5456403644
601.6021367359
602.5791678864
603.6256189036
604.6162184938
606.3834604221
608.4132173112
609.3895751547
610.8391629377
611.7742096209
613.5997786756
614.6462378722
615.5385633694
618.1128313664
619.1844825980
620.2728936722
621.7092945279
622.3750027398
624.2699000182
626.0192834277
627.2683968508
628.3258623595
630.4738874383
630.8057809272
632.2251411671
633.5468582523
635.5238003106
637.3971931598
637.9255139808
638.9279382669
640.6947946688
641.9454996657
643.2788837814
644.9905782297
646.3481915955
647.7617530043
648.7864008888
650.1975193453
650.6686838914
653.6495716054
654.3019205863
655.7094630224
656.9640845995
658.1756144186
659.6638459730
660.7167325953
662.2965864311
664.2446046523
665.3427630956
666.5151477042
667.1484948946
668.9758488202
670.3235852059
672.4581835842
673.0435782861
674.3558978101
676.1396743636
677.2301806688
677.8004447462
679.7421978825
681.8949915332
682.6027350198
684.0135498139
684.9726298621
686.1632235877
687.9615431847
689.3689413623
690.4747350324
692.4516844155
693.1769700606
694.5339086999
695.7263359209
696.6260699003
699.1320954760
700.2967391321
701.3017429546
702.2273431458
704.0338392955
705.1258139546
706.1846547995
708.2690708851
709.2295885703
711.1302741797
711.9002899144
712.7493834701
714.0827718207
716.1123964541
717.4825697031
718.7427865455
719.6971009884
721.3511622185
722.2775049757
723.8458210451
724.5626138904
727.0564032300
728.4054815889
728.7587497956
730.4164821228
731.4173549186
732.8180527145
734.7896432524
735.7654592086
737.0529289123
738.5804211714
739.9095236740
740.5738074473
741.7573355729
743.8950131425
745.3449895506
746.4993058994
747.6745636243
748.2427544651
750.6559503621
750.9663810667
752.8876215672
754.3223704717
755.8393089760
756.7682484400
758.1017292464
758.9002382249
760.2823669835
762.7000332497
763.5930661728
764.3075227242
766.0875400998
767.2184721555
768.2814618065
769.6934072526
771.0708393137
772.9616175658
774.1177446279
775.0478470966
775.9997119632
777.2997485296
779.1570769492
780.3489250042
782.1376643908
782.5979439461
784.2888226125
785.7390897007
786.4611474505
787.4684638159
790.0590923641
790.8316204679
792.4277076086
792.8886525626
794.4837918699
795.6065961562
797.2634700380
798.7075701663
799.6543362109
801.6042464630
802.5419848784
803.2430962043
804.7622391127
805.8616356671
808.1518149360
809.1977833633
810.0818048864
811.1843588465
812.7711083891
814.0459136075
814.8705396259
816.7277377144
818.3806688664
819.2046421708
820.7218984439
821.7134541334
822.1977574934
824.5262938716
826.0392873766
826.9058109541
828.3401743005
829.4370109683
830.8958840533
831.7997776591
833.0036409092
834.6519151478
836.6935761876
837.3473350595
838.2490219927
839.4653948103
841.0363898290
842.0413542065
844.1661966074
844.8059939758
846.1947699277
847.9717176395
848.4892811809
849.8622743487
850.6454484660
853.1631125834
854.0955117199
855.2867102444
856.4841174908
857.3107406026
858.9040264665
860.4106708960
861.1710982127
863.1897197719
864.3408239301
865.5946643265
866.4237399040
867.6931226118
868.6704942291
870.8469023258
872.1887508216
873.0989789713
873.9083892353
875.9852851088
876.6008258330
877.6546983410
879.3809519698
880.8346488479
882.3866966272
883.4303318387
884.1987431146
885.2723044796
886.8528019629
888.4755666738
889.7352942941
890.8131321125
892.3864332602
893.1191175673
894.8862923209
895.3979196748
896.6322515562
899.2215226684
899.8588846079
900.8497398605
902.2432075868
903.0996744426
904.7029027223
905.8299407582
907.6567294690
908.3335436451
910.1863340572
911.2349514860
912.3310456000
912.8239992467
914.7300969584
916.3550008086
917.8253775704
918.8365352435
919.4483444397
921.1563955072
922.5006293066
923.2857198024
924.7734839335
926.5515527846
927.8508589858
928.6636593289
929.8740928506
931.0092113366
931.8527407455
934.3853068373
934.9954248638
936.2286493793
937.5329257120
939.0243008992
939.6609406145
941.1569996420
942.0523416434
944.1880358096
945.3335625030
946.7658422047
947.0791830963
948.3466462550
950.1516126846
951.0332487338
952.7279886199
954.1297192696
954.8293089382
956.6754793433
957.5100525964
958.4145933901
959.4591688071
961.6695724742
963.1820866713
963.5670401916
965.0555796238
966.1107548184
967.3711537663
968.6363019061
970.1256105569
971.0714914864
973.1853612943
973.8730789927
974.7746350658
976.1785024206
976.9172021171
978.7666715351
980.5780006398
981.2886153018
982.3964851688
983.5750760064
985.1869286558
986.1305151102
986.7560084077
988.9926223707
990.2239178040
991.3742941478
992.7286963367
993.2145809574
994.4045905711
996.2053361643
997.5119347519
998.8275471369
999.7915715574
1001.3494826378
1002.4043054884
1003.2678081795
1004.6750441212
1005.5434203044
1008.0067043071
1008.7957099007
1009.8065907470
1010.5697570111
1012.4100425158
1013.0586380984
1014.6896326224
1016.0601789426
1017.2664023644
1018.6055725186
1019.9124397439
1020.9174750173
1021.5443444999
1022.8852709117
1025.2657241977
1025.7079443715
1027.4676935156
1028.1289642555
1029.2272974440
1030.8973687906
1031.8331802974
1032.8128830352
1034.6129155295
1036.1959173581
1037.0247076463
1038.0877522406
1039.0774014369
1040.2640379377
1041.6215280145
1043.6239543496
1044.5149758291
1045.1070423530
1047.0898174843
1047.9871474896
1048.9537851947
1049.9962842566
1051.5765718432
1053.2457851584
1054.7810394783
1055.0021464757
1056.6888473638
1057.1000436596
1059.1337691069
1060.1395185616
1061.5013044651
1062.9153815079
1064.0715510717
1065.1218551063
1066.4632234692
1067.4188601210
1067.9900000790
1070.5350419968
1071.6186232151
1072.5439980111
1073.5703531651
1074.7477710443
1076.2666255942
1076.9240560658
1078.6471984810
1079.8099654293
1081.1710023435
1082.9527497231
1083.2954665141
1084.1832643104
1085.6478312086
1086.9119989898
1088.7557246748
1089.7953379241
1090.8631910262
1091.7284729669
1093.4408732724
1094.2844575238
1095.4330847587
1096.4019177947
1098.8410154666
1099.3606671786
1100.5744606225
1101.8391111688
1102.5517798999
1103.7322971745
1105.6171888308
1106.7743716758
1107.7745319550
1109.1589188568
1110.4441429936
1111.4435047649
1112.4329954081
1113.3975951148
1115.0653594616
1116.7872538812
1117.9659196692
1118.6841348610
1119.4732474262
1121.1559376758
1122.4586213569
1123.1011173878
1125.3147293978
1125.7634424293
1127.6580235272
1128.4302246139
1129.7289967771
1130.3915978962
1131.4950855619
1133.7086256695
1134.8856545915
1135.5622139755
1136.9292934810
1138.1515897798
1138.9923418205
1140.7218481719
1141.2610229641
1142.8586596079
1144.7822995186
1145.4853275171
1146.5768149249
1147.5017765233
1148.6152772088
1149.9826010281
1151.5628147237
1152.9431285306
1153.8903037163
1154.6975195354
1156.6215678339
1157.4323145756
1158.0016090273
1159.4806570190
1161.3966446344
1162.4875286020
1163.7010316828
1164.7375863512
1165.2712277065
1166.9436134095
1168.0862716101
1169.6983568849
1170.4636385783
1172.1206818657
1173.3056877640
1174.2327668565
1175.2154523960
1176.6328758098
1177.1063044217
1179.7012235019
1180.6535437871
1181.2673181517
1182.5822703469
1183.7127752960
1185.1558428475
1185.8753586954
1187.3451614933
1188.8564442982
1189.9636364979
1191.4826059264
1192.2186114781
1193.3240214275
1193.8574271354
1196.0346717487
1197.0717866588
1198.6865691046
1199.3565137079
1200.5326920312
1201.8103348566
1203.1373508614
1203.8552475941
1204.9854921715
1206.8704997939
1208.4714599495
1208.9894841679
1209.8980300875
1211.4161158928
1212.1131530663
1213.5983726804
1215.3899750650
1216.1837220335
1217.1744824977
1219.0500281774
1219.6144713109
1220.8163476910
1221.6922424831
1222.9524840951
1225.0183300242
1225.8550207608
1227.2318276415
1227.9171416144
1228.7931543630
1230.5846031542
1231.5622738776
1232.5295870406
1234.2778166534
1235.5025485265
1236.3990174658
1237.9772985136
1238.4572327957
1239.4908071468
1240.8134717852
1243.0780763980
1243.5381465261
1244.8514339670
1245.6558661881
1247.3725619699
1248.0630610532
1249.1598879530
1250.6723972757
1251.6598320043
1253.6735778521
1254.4313284218
1255.4082306453
1256.1812141985
1257.5412194126
1258.7792334886
1260.3445483162
1261.6117171615
1262.5566140004
1263.6767328439
1264.9572230070
1266.1790377606
1267.2003456118
1267.5705717794
1270.1189218865
1271.1342996316
1272.0839595993
1273.2611446335
1274.1962208895
1275.0920303158
1276.8421715556
1277.7630919863
1279.3328433167
1280.1557944090
1281.8287269597
1283.0004913867
1283.3350321389
1284.8547951546
1285.6950233311
1287.4100266171
1289.1653515328
1290.1047715198
1290.4177080730
1291.9458709681
1293.4939815574
1294.1184743778
1295.3653635054
1296.8011109923
1298.2565270679
1299.4051712507
1300.4900189824
1301.4955166806
1302.3467423792
1303.2732002288
1305.4016721880
1306.5083933130
1307.2672421078
1308.9881965176
1309.4215324933
1311.0565705111
1311.9669406080
1313.0315993690
1314.0525656517
1316.2121126029
1317.0729860348
1318.1712791322
1318.9478805966
1319.9310828775
1321.6281385519
1322.2580671234
1324.2249787188
1325.2376243590
1325.9819696304
1327.6352811085
1329.0435179965
1329.2050187855
1330.4299371205
1331.8275913853
1333.6735226103
1334.7473290517
1335.6949745260
1336.6901846534
1337.6887918097
1338.9231645987
1340.4264004573
1341.1662722529
1342.6085078838
1344.1560440036
1345.4771062614
1345.7314132554
1347.5194717509
1348.0172380187
1349.0851940140
1351.2962063741
1352.2104651592
1353.4833383583
1353.8867819717
1355.6805953206
1356.6056557098
1357.7717428286
1358.4601603992
1360.3931447622
1361.3930747136
1363.0223286033
1363.8791907971
1364.5765848968
1365.4937335513
1367.1040909700
1368.3301933080
1369.6869490773
1370.9735227678
1371.6865535528
1373.2029145624
1374.1547986586
1375.3023923447
1376.1617799936
1377.1776336421
1379.6832830286
1380.1485784417
1381.0739771492
1382.3456629785
1383.2975910079
1384.4444158478
1385.6637770112
1387.3266476635
1387.9214541271
1389.5658317984
1390.7054902864
1391.8532004433
1392.6440277885
1393.4334017408
1394.8841846757
1396.5441631237
1397.8346233214
1398.8376752014
1399.8394729412
1400.4269462974
1402.5643472501
1402.9737476409
1404.0062921705
1405.6669750592
1407.0851427764
1408.1363074962
1409.3206810798
1410.0248107258
1411.2570568157
1411.9656534618
1413.8431487886
1415.5857847955
1415.7815813033
1417.1028229338
1418.6969638525
1419.4224809460
